image: map_image.png
resolution: 0.17950932
origin: [0.500000, 1.5000, 0.000000]
negate: 0
occupied_thresh: 0.60
free_thresh: 0.1
